0.0685081,0,-0.01,0,0,-0.01,-0.01,0,-0.01,-0.01,-0.01,0,-0.01,-0.01,-0.01,0,-0.01,-0.01,0,-0.01
0.0563098,-0.01,-0.01,-0.01,-0.01,-0.01,0,-0.01,-0.01,-0.01,-0.01,-0.01,0,-0.01,0,-0.01,-0.01,-0.01,-0.01,-0.0184952
0.0560049,-0.0099,-0.00972794,-0.01,-0.0099,-0.00965429,-0.01,-0.01,-0.01,0,-0.01,-0.01,-0.01,-0.01,-0.00972794,-0.00981,-0.01,-0.01,-0.01,-0.01
0.0615625,0,0,-0.01,-0.019,0,-0.01,0,-0.01,0,-0.00979866,-0.01,0,-0.01,-0.01,-0.01,0,-0.01,-0.01,-0.01
0.0446624,-0.00880928,0,-0.009,0,-0.01,-0.007661,0,-0.01,-0.0079949,-0.00856587,0,-0.0079949,-0.00729,-0.00922552,-0.00829541,0,-0.01729,-0.0079949,-0.00902835
0.0099,0,-0.0101,-0.01,-0.01,-0.01,-0.01,0,-0.0100999,-0.01,-0.0101,0,-0.01,-0.01,0,-0.0100999,-0.01,0,0,-0.00569678
-0.01,-0.0186485,-0.01,-0.0189939,-0.0188905,-0.01,-0.019,-0.019,-0.0188862,-0.0187205,-0.0187955,-0.01,-0.01,-0.01,-0.01,-0.0186485,-0.01,-0.01,-0.01,-0.01
0.0351513,-0.00646778,-0.00732891,-0.006561,-0.00540467,-0.0329343,-0.00859139,-0.00692101,-0.00769601,-0.00802641,-0.009,-0.014783,-0.00832377,-0.01,-0.0059049,0,-0.016561,0,-0.00883226,-0.0081
0,-0.0100627,0,0,0,-0.0100627,0,0,0,0,0,-0.00679537,0,0,-0.0100584,0,-0.01,0,0,0
-0.00927118,-0.00783035,-0.0156412,-0.0178847,-0.01,-0.0065248,-0.007271,-0.007495,-0.00958706,-0.00809,-0.00712524,-0.00943712,-0.0081345,-0.00671753,-0.028973,-0.0152604,-0.00972307,-0.0151512,-0.01,-0.0244513
-0.00976017,0,-0.01,0,0,0,0,-0.00568003,0,-0.00980625,0,0,-0.00967361,0,-0.01,0,0,0,0,0
0,0,0,0,0,0,-0.01,0,0,0,-0.0181002,0.00743768,0.0115843,0,0,0,0,-0.01,0,0
-0.0231475,0,0,0,0,0,0,-0.01,0,0,0,-0.01,0,0,0,0,-0.01,-0.01,-0.01,0
-0.00995219,0,0,-0.0097064,-0.0103931,0,0,-0.00993712,-0.01,-0.01,-0.01,0,-0.01,0,0,-0.01,-0.00983576,0,0,0
0,0,0,-0.0140629,-0.0100836,-0.01,0,0,0,0,0,0,0,0,0,0,-0.00577764,-0.01,0,-0.01
-0.0097098,-0.0180983,-0.00880921,-0.0172779,-0.01,-0.00994849,-0.00942514,-0.0175216,-0.01,-0.00935209,-0.00950729,-0.01,-0.0324369,-0.00926323,-0.0331661,-0.0096489,-0.00918475,-0.00900511,-0.01,-0.0097797
0,-0.01,0,-0.000565551,0,0,0,-0.01,-0.01,0,0,0,0,-0.00995942,0,-0.0146874,-0.01,0,-0.01,0
-0.00644317,-0.0100964,0,0,0,0,0,0,0,0,0,0,-0.0100967,0,0,-0.01,0,-0.010097,-0.01,-0.01
-0.01,-0.0262928,-0.01,-0.01,-0.01,-0.00989531,-0.00980057,-0.0186103,-0.01,-0.00971481,-0.0187331,-0.01,-0.01,-0.01,-0.0183058,-0.0187053,-0.01,-0.0268185,-0.00975585,-0.0186735
-0.00958384,-0.0096561,0,-0.00920834,0,-0.00981,-0.009729,-0.01,-0.00923488,-0.01,-0.00926344,-0.00959049,-0.00909746,0,-0.00908577,-0.0099,0,0,-0.00910942,0
0.0816274,0,0,0,0,0,0,0,0,0,-0.01,0,0,0,0,0,0,0,0,0
0.0444273,-0.01,-0.01,-0.009729,-0.00972942,-0.0185314,-0.01,-0.00981,-0.00965648,-0.0099,-0.01,-0.00959049,-0.01,-0.0096561,-0.00981047,-0.01,-0.01,-0.01,-0.01,-0.0186783
0.0476277,-0.01,-0.01,-0.01,-0.01,0,0,0,-0.01,0,-0.01,0,-0.01,0,-0.01,-0.01,-0.01,-0.01,0,0
0.0445115,-0.00938219,-0.01,0,-0.018281,-0.009729,-0.01,-0.00942767,-0.01,-0.01,-0.01,-0.01,-0.009729,-0.01,-0.01,-0.0189,-0.01,-0.0255906,0,-0.00981
0.0557623,0,0,0,0,-0.01,0,0,0,0,-0.01,0,0,0,-0.01,-0.01,0,0,0,-0.01
-0.00938642,-0.00938856,-0.00954588,-0.00953144,-0.00934502,-0.01,-0.0096561,-0.00943628,-0.00953144,-0.01,-0.00934502,-0.00981,-0.00943047,-0.00948858,-0.0099,-0.0094783,-0.00959049,-0.01,-0.009729,-0.01
0.0693179,0,0,0,0,0,0,0,-0.01,-0.0094783,-0.01,0,0,0,-0.01,0,0,0,0,-0.01
0.043358,0,-0.01,-0.01,0,-0.01,-0.01,-0.01,0,0,-0.01,0,-0.01,0,-0.01,0,-0.01,-0.01,-0.01,0
0.019,-0.01,-0.01,-0.01,0,-0.01,-0.01,-0.01,-0.01,-0.01,-0.01,-0.01,-0.01,-0.01,-0.01,-0.01,-0.01,-0.01,-0.01,-0.01
-0.01,-0.009729,-0.01,-0.01,-0.01,-0.01,-0.0096561,-0.01,-0.01,-0.01,-0.0099,-0.01,-0.01,-0.01,-0.01,-0.01,-0.01,-0.01,-0.01,-0.00981
0.040951,-0.01,-0.01,-0.01,-0.01,-0.01,0,-0.01,0,-0.01,-0.01,-0.01,-0.01,-0.01,-0.01,-0.01,-0.01,0,0,-0.01
0,-0.01,0,-0.019,-0.01,-0.01,0,-0.0099,-0.01,-0.019,-0.01,0,-0.01,-0.01,-0.0271,-0.01,-0.01,-0.01,-0.01,-0.01
-0.001,-0.01,-0.01,-0.01,-0.01,-0.01,-0.01,-0.01,-0.01,-0.01,-0.01,-0.019,-0.01,0,-0.01,-0.01,-0.01,0,-0.01,-0.01
-0.019,-0.01,0,-0.01,-0.019,-0.01,-0.01,-0.01,-0.01,-0.01,0,-0.019,-0.01,-0.01,-0.01,-0.01,-0.01,-0.01,0,-0.01
-0.01,-0.01,-0.01,-0.01,0,-0.01,-0.01,-0.01,-0.01,-0.01,-0.01,-0.01,-0.01,-0.01,-0.019,-0.01,-0.019,0,-0.01,-0.01
-0.01,-0.019,-0.01,-0.019,-0.01,-0.01,-0.01,-0.01,-0.01,0,-0.01,-0.01,-0.01,0,-0.01,-0.01,0,-0.01,-0.019,-0.01
-0.01,-0.01,-0.019,-0.01,0,-0.01,-0.01,-0.019,-0.01,0,0,-0.01,-0.019,-0.01,-0.01,-0.019,-0.019,0,-0.01,0
-0.01,-0.01,-0.01,-0.01,-0.01,0,-0.01,-0.01,-0.01,-0.01,-0.01,-0.01,-0.01,-0.01,-0.01,-0.01,-0.01,-0.019,-0.01,-0.01
-0.01,-0.01,-0.01,-0.01,-0.019,-0.01,-0.01,-0.01,-0.01,0,-0.01,-0.019,0,-0.01,-0.01,0,-0.01,-0.01,-0.019,-0.01
-0.019,-0.01,-0.01,0,-0.01,-0.01,-0.01,-0.019,-0.01,-0.01,-0.01,-0.01,0,-0.01,-0.01,-0.01,-0.01,-0.01,-0.01,-0.01
-0.01,-0.0099,-0.01,-0.01,-0.01,-0.01,-0.019,-0.01,-0.01,-0.01,0,-0.01,-0.01,-0.01,-0.01,-0.01,-0.01,-0.01,-0.01,-0.01
-0.001,-0.01,-0.0189,-0.01,-0.01,-0.01,-0.01,-0.01,0,-0.01,-0.01,-0.01,0,-0.01,-0.01,-0.01,-0.01,-0.01,-0.01,-0.01
-0.001,-0.01,-0.01,-0.01,-0.01,-0.01,-0.01,-0.01,-0.01,-0.01,-0.01,-0.01,-0.01,-0.01,-0.01,0,-0.01,-0.01,-0.01,-0.01
0,-0.01,-0.01,-0.01,-0.01,-0.01,-0.01,-0.01,-0.01,-0.01,-0.01,-0.01,-0.01,-0.01,-0.01,-0.01,-0.01,-0.019,-0.01,-0.01
-0.01,-0.01,-0.01,-0.01,-0.01,-0.01,-0.01,-0.01,-0.01,-0.01,-0.01,-0.01,-0.01,-0.01,-0.01,-0.01,-0.01,-0.01,-0.01,-0.01
-0.019,-0.01,-0.01,-0.01,-0.01,-0.01,-0.01,-0.01,-0.01,-0.01,-0.01,-0.01,-0.01,-0.01,-0.01,0,-0.01,-0.01,-0.01,-0.01
-0.01,-0.01,-0.01,-0.01,-0.01,-0.01,-0.01,-0.01,-0.01,-0.01,-0.01,-0.01,-0.01,-0.01,-0.01,-0.01,-0.01,-0.01,-0.01,-0.01
-0.00981,-0.00975249,-0.0099,-0.01,0,-0.00967724,-0.00949371,-0.00949153,-0.0183599,-0.01,-0.0093999,-0.01,-0.00932392,-0.01,-0.01,-0.009929,-0.0098361,-0.00954857,-0.00944434,-0.00960952
-0.01,-0.01,-0.0189891,-0.01,-0.01,-0.019099,-0.01,-0.01,-0.01,-0.01,-0.01,-0.01,-0.01,-0.01,-0.01,-0.01,-0.01,-0.01,-0.01,-0.01
0.010981,-0.01,-0.01,-0.01,-0.01,-0.01,-0.01,-0.01,-0.01,-0.01,-0.01,-0.01,-0.01,-0.01,-0.01,-0.01,-0.01,-0.01,-0.01,-0.01
-0.0109,-0.00965329,-0.01,-0.00981,-0.01,-0.01,-0.01,-0.019,-0.01,-0.00972327,-0.01,-0.01,-0.0099,-0.01,-0.01,-0.00964884,-0.009728,-0.01,-0.00958524,0
0.0418935,-0.01,0,-0.01,0,-0.01,-0.01,0,-0.01,-0.01,-0.01,-0.01,-0.01,-0.01,0,0,0,-0.01,-0.019,-0.01
0.0360194,-0.01,-0.01,-0.01,-0.01,-0.01,-0.01,-0.01,-0.01,-0.01,-0.01,-0.01,-0.01,0,0,-0.01,0,-0.01,-0.01,0
0.00909,-0.01,-0.01,-0.01,-0.01,-0.01,-0.01,-0.01,-0.01,-0.0099,-0.01,-0.01,-0.01,-0.01,-0.01,-0.01,-0.01,-0.01,-0.01,-0.01
0.0091,-0.01,-0.01,-0.01,-0.01,-0.01,-0.01,-0.01,-0.01,-0.01,-0.01,-0.01,-0.01,-0.01,-0.01,-0.0099,-0.01,-0.01,-0.01,-0.01
-0.001,-0.01,-0.01,-0.0189,-0.01,-0.01,-0.0099,-0.01,-0.01,-0.01,-0.019,-0.01,-0.01,-0.01,-0.01,-0.01,-0.01,0,-0.01,-0.0099
-0.0011,-0.01,-0.01,-0.01,-0.01,-0.01,-0.019,-0.01,-0.01,0.100911,-0.01,0,-0.019,-0.01,-0.01,-0.01,-0.01,-0.01,-0.01,-0.01
-0.01,-0.01,-0.01,-0.01,-0.01,-0.01,-0.01,-0.01,-0.01,-0.01,-0.01,-0.01,0.0729,-0.01,-0.01,-0.01,-0.01,-0.01,-0.01,-0.01
0.10991,-0.01,-0.01,-0.01,-0.01,-0.01,-0.01,0.091,-0.01,-0.01,-0.01,-0.01,0,-0.019,-0.019,0,-0.01,-0.01,-0.01,-0.01
-0.009892,-0.01,-0.01,-0.01,-0.01,-0.01,-0.009892,0,-0.01,0.091,-0.01,-0.01,-0.01,0.0840171,-0.019,-0.01,-0.01,-0.01,-0.0099966,0
-0.009074,-0.009,-0.0096777,-0.00991166,-0.01,0,-0.009542,-0.018542,-0.00938,0.101994,-0.00891379,-0.00991166,-0.009542,-0.009542,0,-0.009542,-0.009542,-0.00938,0.0942205,-0.00979993
-0.01,-0.009,-0.01,0,0,0,0,-0.00918375,-0.01,0,-0.01,-0.01,0,-0.01,0,-0.01,-0.01,0,0.355014,-0.01
-0.019,-0.01,-0.01,0,0,-0.01,0,-0.01,-0.01,-0.01,0.197336,-0.01,0,0,-0.01,-0.01,0.0655887,0,0,-0.01
-0.01,0,-0.019,0,0,-0.01,-0.01,-0.01,-0.01,-0.01,0,-0.01,0.377712,-0.01,0,0,-0.01,0,0,-0.01
-0.01,-0.0097929,-0.009,-0.01,0,0.158721,0,-0.01,0,0,0,-0.00966387,-0.00919,0,0,-0.00991049,-0.01,-0.01,0,-0.009363
0,0,-0.01,0,0,0,0,0,-0.00993712,0,0,0,0.132953,-0.00176318,-0.01,0,-0.01,0.05471,0,-0.01
-0.000558,0,0,0,0,0,-0.0096561,-0.00959049,0,-0.0094783,-0.00434062,0,-0.00953144,0.158071,-0.01,-0.00943047,-0.00981,0,0,-0.01
0.225476,0,-0.01,0,-0.01,-0.01,-0.01,-0.01,0,0,-0.019,-0.01,-0.01,0,0,0,0,0,0,-0.01
-0.00953144,-0.00959049,-0.00961047,-0.0099,-0.00981,-0.0180055,-0.0096032,-0.009729,-0.0180308,-0.01,-0.00967023,-0.01,-0.0096783,-0.00954188,-0.00958053,-0.00964503,-0.0096561,-0.01,-0.01,-0.00954942
0.0611025,-0.01,0,0,-0.01,0,0,0,0,0,0,0,0,0,0,0,0,0,-0.01,0
0.0362872,-0.01,-0.01,-0.01,-0.019,-0.01,-0.01,-0.01,-0.01,-0.01,-0.01,-0.01,-0.01,-0.01,-0.01,-0.01,0,-0.01,-0.01,0
0.09981,-0.01,-0.01,-0.01,-0.01,0,-0.01,0,0,-0.01,-0.0271,-0.01,-0.01,-0.01,-0.019,-0.019,-0.01,-0.01,-0.01,-0.01
0,-0.009,-0.01,-0.00211748,0,-0.00938,-0.00881457,0,-0.00902132,0,-0.01,-0.00858494,-0.00954098,0,-0.01,0,-0.00920747,-0.0092,-0.0179635,0
0,0,0,0,0,0.0338153,-0.01,0,0,-0.00434062,0,0,0,0,0,0,0,0,-0.01,0
0.0948352,0,-0.01,-0.01,-0.00989729,0,-0.01,-0.01,-0.01,0,-0.01,0,-0.01,-0.01,-0.01,-0.01,0,0,-0.01,0
0.0842599,0,-0.01,0,0,0,0,-0.01,0,0,-0.01,0,-0.01,-0.01,0,-0.01,-0.01,-0.00981,-0.01,-0.0099
0.0453818,-0.01,0,-0.01,0,0,0,-0.00970731,0,0,0,-0.01,0,-0.01,0,-0.01,-0.01,-0.01,0,0
0.0567141,-0.0095803,-0.01,-0.01,-0.00931758,0,-0.00987262,0,-0.00950439,-0.01,-0.00937954,-0.00966465,0,-0.01,-0.00976153,-0.00943868,-0.01,0,-0.01,0
0.0972317,0,0,0,0,-0.00808855,0,0,-0.00809,-0.01,0,-0.01,0,0,-0.009,0,0,0,0,-0.01
0,0,-0.01,0,0,0,0,0,0,0.193621,0,0.0945852,0,0,0,0,0,0,-0.01,0
0.0110136,0,0.10092,0,0.33425,0,0,0,0,0,-0.01,0,0,0,0,-0.01,0,0,0,0
-0.01,0,0,0,0,0,0,0,-0.01,0,0,0,0,0,0,0,0,0,0,0.394673
0,0,0,0,0,0,-0.01,0,0,0,0,0,-0.01,0.490893,0,0,0,0,0,0
0.370703,0,0,0,0,0,-0.01,0,0,0,0,0,0,0,0,-0.0275094,0,0,0,0
0,0,-0.01,0,0,0,0,0,0,0,0.411836,0,0,0,0,0,0,0,0,0
0.291959,0,-0.01,0,0,0,0,0,0,0,0,0,0,0,0,0,0,0,0,0
0,0,0,0,0,0,0,0,0,0,0,0,0.0925898,-0.01,0,0,0.207031,0,0,0
0,0,0,0,0,0,0,0,0.324382,0.0657254,0,0,-0.0169508,0,0,-0.01,0,0,0,0
0,0,0,0,0,0,0,0,0,0,0,0,0,0,0,0,0.161825,0,0,0
0.0111664,0.100962,-0.0086073,-0.00428094,-0.00835617,0,-0.00807753,0,0,0,0,0,0,0,0,0,0,-0.00333369,0,0
-0.00070426,0,0,-0.01,-0.00946842,-0.00952047,-0.01,-0.00942158,0,-0.00964325,-0.0095783,0,-0.01,-0.00934148,-0.01,0,-0.00971673,0,0.0778495,-0.00937942
0.121642,-0.01,0,0,0,-0.009,0,0,0,-0.0092,0,0,0,0,0,0,0,0,0,0
0.0310592,0,0,0,-0.01,-0.0099,0,-0.00981,0,-0.00943047,-0.0096561,0,0,0,-0.00959049,-0.00434062,-0.009729,-0.01,-0.00953144,-0.0094783
0.137742,0,0,0,-0.01,-0.01,0,-0.01,0,0,0,-0.01,0,-0.01,-0.01,0,-0.01,-0.01,-0.01,0
0.028897,0,-0.00981,-0.01,-0.01,-0.01,-0.0096561,-0.01,-0.009729,-0.01,-0.00953144,-0.01,-0.01,-0.00959049,-0.01,-0.0099,0,0,-0.01,-0.01
0.071757,-0.0095205,-0.009363,-0.01,-0.01,0,-0.00979436,0,-0.00966387,0,-0.009,-0.00919,-0.00991312,0,0,0,0,0,0,0
0.0629577,0,0,0,-0.01,0,0,0,0,0,0,-0.01,0,0,0,0,0,0,0,-0.008999
0,0,-0.00898544,-0.00897712,-0.00898147,0,-0.01,-0.00898354,-0.00898332,-0.0089849,0,0,-0.00897941,-0.00897176,-0.00896126,-0.00896862,-0.00896513,-0.00898499,-0.00897458,-0.00782381
0.101845,0,0,0,0,0,0,0,0,0,0,0,0,0,0,0,0,0,0,0
0.043475,-0.01,0,-0.01,-0.01,-0.00963442,-0.00971262,-0.01,-0.00956365,-0.01,-0.01,-0.01,-0.01,-0.0098945,-0.01,-0.01,-0.01,-0.01,-0.00979903,-0.01
0.0740224,-0.00957133,-0.01,-0.00980337,0,0,-0.01,0,-0.01,-0.00950776,0,-0.01,-0.01,0,0,-0.00989696,-0.01,-0.0097184,-0.00964129,0
0.0923489,0,0,0,0,0,0,0,0,0,-0.01,-0.0098899,-0.00979263,0,0,0,0,-0.01,0,-0.01
0.10294,0,0,0,0,0,-0.01,0,0,0,0,0,0,0,0,0,-0.01,0,0,0
0,0.097416,0,0,0.0869618,0,0,0,0,0,0,0,0,0,0,0,0,-0.01,0,0
0,0,0,-0.0188611,0,0,0,0,0,0,0,0,0,0,0.079762,0,0,0,0.0620268,0
0,-0.0099,-0.01,-0.009,-0.0092,0,0,0,0,0,-0.0092,-0.00698834,-0.00979593,-0.02459,0,0,-0.00938,0,-0.0323619,0
0.01,0.00871829,0,0,0,0,0,-0.0404497,0,0,0,0,0,0,0,0,0,0,0,0
0,0,0,-0.01,0,-0.00919,-0.00965296,-0.0262703,0,-0.0093609,-0.00999025,-0.00951464,0,-0.00988944,0.0352293,0,0,-0.009,-0.01,-0.00977743
0,0,0,-0.00717678,0,0,0,0,0,0,0,0,0,0,0,0,0,0,0,0
0.141433,0,0,0,0,0,0,0,0,0,0,0,0,0,0,0,0,0,0,0
0,0,0,0,-0.00980198,0.0221527,0,0,-0.01,0,0,0,0,0,0,0,0,0,-0.00424759,-0.0478194
0.0079453,-0.00991309,0.0178512,0,0,-0.01,-0.00952049,0,0,-0.01,0,0,-0.009363,0,-0.009,0,0,0,0,-0.00919
0,-0.019,0,0,0,0,0.00113669,0,0,0,0,0,0,-0.0021142,0,0,-0.00993646,0,0,0
0,-0.009909,-0.01,-0.01,-0.01,-0.01,0,-0.00428157,-0.01,-0.01,-0.01,-0.019,-0.01,0,-0.01,0,-0.01,0,-0.00991629,-0.01
-0.0024661,-0.01,-0.01,-0.0100931,-0.01,-0.01,-0.01,-0.01,-0.0100928,-0.01,-0.01,-0.01,0,-0.01,-0.01,0,-0.01,-0.01,-0.01,-0.0100925
-0.00943047,-0.01,-0.01,-0.00934868,-0.01,-0.017551,-0.00953144,-0.00981,-0.009729,-0.01,-0.0175501,-0.00938742,-0.01,-0.01,-0.0099,-0.01,-0.0096561,-0.0175577,-0.0094783,-0.00959049
0.0845357,-0.01,0,-0.01,0,0,-0.01,-0.01,0,0,0,0,0,0,0,0,-0.01,-0.01,0,0
0.0451435,-0.01,-0.00937711,-0.00953888,-0.00968348,-0.00993026,0,-0.01,-0.01,-0.00919758,-0.00981274,-0.01,0,-0.01,-0.01,0,-0.0089981,-0.01,-0.00937711,0
0.0109623,-0.00910382,-0.00891528,-0.00891054,0,-0.0188341,-0.00907194,0,-0.002611,-0.00890455,-0.00905983,-0.00908724,-0.00891897,-0.0099,0,0,-0.00904842,-0.00912177,-0.0088971,0
0.0966076,0,0,0,0,0,0,0,0,0,-0.00989188,0,0,0,0,0,0,0,0,0
0.0578684,-0.01,0,-0.01,-0.01,-0.01,-0.01,-0.01,0,0,-0.01,0,-0.01,-0.01,-0.01,-0.01,-0.01,-0.01,0,0
0.0336521,0,-0.0094773,-0.00959049,-0.00938219,-0.00981,0,-0.00953144,0,-0.01,-0.01,-0.019,0,-0.009729,-0.0096561,-0.0182123,-0.00942767,0,-0.01,0
0.0748322,0,-0.01,-0.01,0,0,0,0,0,0,0,0,0,0,-0.01,-0.01,0,0,0,0
0.0705698,-0.01,0,0,0,-0.01,0,0,-0.01,0,-0.0187484,0,0,-0.01,0,0,-0.01,-0.01,-0.01,-0.01
0.0582097,-0.00971144,-0.0099,0,-0.01,-0.00981,0,0,0,-0.00979049,0,-0.0096403,-0.0096561,-0.01,0,-0.01,-0.009729,-0.01,0,0
0.0676336,0,0,-0.01,0,0,-0.01,0,0,0,0,0,0,0,0,0,0,0,0,-0.01
0.0429313,-0.01,-0.00980802,-0.00972618,-0.01,-0.00989896,-0.01,-0.01,-0.01,-0.01,0,0,-0.01,-0.01,-0.01,-0.01,-0.01,0,-0.01,-0.01
0.0624928,0,-0.01,-0.01,-0.01,-0.00989587,-0.019,-0.01,0,-0.01,-0.01,0,-0.01,0,-0.01,-0.01,0,0,0,0
0.0301539,0,0,0,-0.0096561,-0.0182875,0,0,-0.0094783,-0.00942823,-0.0181073,-0.00943047,0,-0.00959049,-0.00981,-0.00952868,-0.01,0,-0.0099,0
0.0815761,0,0,0,0,0,0,0,0,-0.01,0,0,0,0,0,0,0,0,0,0
-0.0091,-0.01,-0.01,-0.01,-0.01,-0.01,-0.01,-0.01,-0.01,-0.01,-0.01,0,-0.01,-0.01,-0.01,-0.01,-0.01,0,-0.01891,-0.01
-0.001,-0.01,-0.01,-0.01,-0.01,-0.019,-0.01,-0.01,-0.01,-0.01,-0.01,-0.01,-0.01,-0.01,0,-0.01,-0.01,-0.01,-0.01,-0.01
0.0107747,-0.01,-0.0178012,-0.00925222,0,-0.00981,-0.009729,-0.0096561,-0.0093506,-0.00938956,-0.0099,-0.00943408,0,-0.0177283,-0.00959049,-0.00928112,-0.00953144,-0.0183874,-0.00948243,-0.0094783
0.0799894,0,0,0,0,0,0,0,0,0,0,0,0,0,-0.01,0,0,0,0,0
0.0341184,-0.01,0,0,0,-0.00982156,0,-0.00992008,-0.00990288,-0.0098069,0,0,-0.01,-0.01,-0.01,0,-0.01,0,-0.01,-0.0099
0.058777,0,0,0,-0.00981,0,0,0,0,0,0,-0.009729,0,-0.00959049,0,0,-0.00953144,0,0,-0.0096561
0.0548581,0,0,0,0,0,0,0,0,0,0,0,0,0,0,0,0,0,0,0
-0.01,-0.01,-0.01,-0.01,-0.01,-0.01,-0.01,-0.01,-0.01,-0.019,-0.01,-0.01,-0.01,-0.01,-0.01,-0.01,-0.01,-0.01,-0.01,-0.01
0,-0.0185123,-0.00940683,-0.019,-0.00936097,-0.01,-0.0098979,-0.01,-0.01,-0.01,-0.01,-0.01,-0.00972107,-0.01,-0.00980522,-0.01,-0.00964468,-0.00951916,-0.00957531,-0.00945715
0.0538941,-0.01,-0.009729,-0.01,-0.0096561,-0.01,0,-0.01,0,0,-0.01,0,0,0,-0.01,-0.00981,0,0,0,-0.0099
0.0662212,0,0,0,0,0,0,-0.01,-0.01,0,0,0,-0.01,0,0,-0.01,-0.01,0,0,0
0.0595806,-0.01,0,0,-0.01,0,-0.01,-0.01,0,-0.01,0,-0.01,0,-0.01,0,0,0,-0.01,0,-0.01
0.0455704,-0.00953144,0,-0.00931381,-0.009729,-0.0099,-0.00953144,-0.00943047,0,-0.00938742,-0.00959049,0,0,-0.0094783,-0.01,-0.00928243,-0.00925319,-0.0096561,-0.00934868,0
0.0883787,0,0,0,0,0,0,-0.01,0,0,0,0,0,0,0,0,-0.01,0,0,0
0.0911937,0,-0.01,0,0,0,0,0,0,0,-0.01,0,0,0,0,0,0,-0.01,0,0
0.063222,0,0,0,0,0,0,0,-0.01,0,0,0,0,0,0,-0.01,0,0,-0.01,0
0.0594828,-0.00981,-0.01,-0.01,-0.01,0,-0.01,0,-0.01,-0.01,0,-0.01,0,-0.019,0,0,-0.009729,-0.0099,-0.01,-0.01
0.0634056,0,-0.01,0,0,-0.01,0,0,0,0,-0.01,-0.01,-0.01,-0.01,-0.01,0,-0.01,-0.01,0,-0.01
0.0627638,-0.01,0,-0.01,-0.01,-0.01,0,-0.01,0,-0.01,0,-0.01,0,0,-0.01,-0.01,-0.01,-0.01,-0.01,-0.01
0.0528222,0,-0.01,-0.019,0,-0.01,0,-0.01,0,0,-0.01,-0.01,-0.01,-0.01,-0.01,-0.01,-0.01,-0.01,-0.01,-0.01
0.0250603,0,-0.00960952,-0.00974857,-0.00981,-0.00975249,-0.01,-0.01,-0.0099,-0.00967371,0,-0.01,-0.0098361,-0.01,-0.01,-0.009929,-0.01,-0.0099,-0.00967724,-0.01
0.0642554,0,0,-0.01,-0.01,0,0,0,0,0,-0.01,0,-0.01,-0.01,0,0,0,0,-0.01,-0.01
-0.001,-0.01,-0.01,-0.01,-0.00971732,-0.01,-0.00963945,0,0,-0.00956898,-0.0099,-0.01,-0.019,-0.0099,-0.019,-0.0270009,0,-0.019,-0.00980337,0
0.0494794,-0.00934868,-0.0096561,0,0,-0.00953144,-0.00943047,0,-0.00938742,-0.00959049,-0.009729,-0.01,-0.0094783,0,-0.0263583,0,-0.00931381,-0.00981,0,0
0.0718685,0,0,0,-0.01,0,-0.01,0,0,0,0,0,-0.01,-0.01,0,0,0,0,0,0
-0.0096561,-0.019,-0.01,-0.01,0,-0.0095304,-0.01881,-0.01,-0.01,-0.01,-0.01,-0.01,-0.019,-0.00959049,-0.01,-0.01,-0.01,-0.009729,-0.0099,-0.00947536
0.0524637,-0.01,-0.01,-0.01,0,0,0,-0.01,-0.01,-0.01,0,-0.01,0,-0.01,-0.01,-0.01,-0.01,-0.018715,-0.01,-0.01
0.0362657,0,-0.01,0,-0.00959049,0,-0.01,-0.01,-0.01,-0.019,-0.01,0,-0.0263344,-0.01872,-0.0096561,0,-0.01,-0.00953144,-0.00942944,-0.00938454
0.0659263,-0.01,0,0,0,-0.01,0,-0.01,-0.01,0,0,0,0,0,0,-0.01,-0.01,-0.01,0,-0.01
0.0588265,0,-0.00969244,-0.0099,0,0,-0.01,-0.00981,0,-0.00983204,-0.00978816,0,-0.0186618,-0.009729,-0.0096222,-0.01,0,-0.0098561,-0.00970525,-0.00977049
0.0443106,0,-0.01,0,0,0,0,0,0,0,0,0,0,0,0,0,0,0,0,0
0.0563133,-0.01,0,0,0,0,0,0,-0.01,-0.01,-0.01,-0.01,0,0,0,0,0,-0.01,0,0
-0.01,-0.01,-0.00980281,-0.01,-0.01,-0.01,-0.01,-0.01,-0.01,-0.0181532,-0.01,-0.00973792,-0.01,-0.00989656,-0.0181607,-0.01,-0.01,-0.01,-0.00982444,-0.00991984
0.058438,0,0,0,0,-0.01,-0.01,-0.0099,-0.01,-0.01,-0.01,-0.01,0,-0.01,0,-0.00981,0,-0.01,-0.01,-0.009729
0.0538108,0,0,-0.01,0,-0.01,-0.01,-0.01,0,-0.01,0,0,0,0,0,-0.01,-0.01,0,-0.01,0
0.0520769,0,-0.01,-0.01,-0.01,-0.01,-0.01,-0.01,0,-0.01,-0.01,-0.01,-0.01,-0.01,0,-0.01,-0.01,0,-0.01,-0.01
-0.00939471,-0.00956817,-0.00971587,-0.01,-0.00950456,-0.01,-0.0098958,-0.01,-0.00939255,-0.00980139,-0.00963838,-0.0177112,-0.00944693,-0.0183474,-0.01,-0.00944571,-0.00950453,-0.01,-0.01,-0.01
0.0729006,-0.009899,0,0,-0.00964795,0,0,0,-0.0098072,0,-0.01,0,0,-0.01,-0.01,-0.00972377,0,0,0,0
-0.00959049,-0.00925419,-0.0174159,-0.00931381,-0.0099,-0.01,-0.0174169,-0.00938742,-0.00928243,-0.0094783,-0.0091853,-0.00922877,-0.00934868,-0.0184122,-0.00981,-0.00943047,-0.0096561,-0.00953144,-0.0091853,-0.00920589
0.0867666,0,0,0,0,0,-0.01,-0.01,0,0,0,0,0,0,0,0,-0.01,-0.00989985,0,0
0.0274955,-0.01,-0.01,-0.01,-0.01,-0.01,-0.01,-0.01,-0.01,-0.01,-0.01,-0.01,-0.01,-0.00978565,-0.01,-0.01,-0.01,-0.01,0,-0.01
0.0506452,0,-0.01,-0.00951041,-0.00989729,-0.01,-0.01,0,-0.00964297,-0.00971961,-0.01,-0.01,-0.01,0,-0.01,0,-0.00980412,-0.01,-0.00957345,-0.01
0.0653486,-0.00981,0,-0.01,0,-0.01,0,-0.01,0,-0.01,0,0,-0.01,-0.01,-0.0099,0,-0.01,0,0,0
0.0738366,0,-0.01,0,-0.01,0,-0.01,0,0,0,0,0,0,0,0,-0.01,-0.01,0,-0.01,0
0.0468559,-0.01,-0.01,-0.01,-0.01,-0.01,0,-0.01,-0.01,-0.01,-0.01,-0.01,0,-0.01,-0.01,-0.01,-0.01,-0.01,-0.01,-0.01
0.00151462,-0.00954708,-0.01,-0.00961522,-0.01,-0.01,-0.00969045,-0.01,-0.01,-0.01,-0.03439,-0.00980424,-0.01,-0.01,-0.00964309,-0.00971975,-0.00989736,0,-0.00977354,-0.01
0.057051,0,-0.01,-0.0099,-0.01,-0.01,-0.01,-0.01,-0.009909,-0.01,-0.0098181,-0.01,-0.01,0,-0.01,0,-0.01,0,0,0
0.076703,-0.01,0,-0.01,0,0,0,0,0,0,-0.01,-0.019,0,-0.01,0,0,0,0,-0.01,-0.01
0.0614747,0,0,0,0,-0.01,0,-0.01,0,-0.01,0,-0.01,-0.01,0,-0.01,0,-0.01,-0.01,-0.01,-0.01
0.0586647,0,-0.0099,-0.009729,-0.00953043,0,-0.0096561,0,-0.019,-0.01,-0.00947546,-0.00959049,0,-0.01,-0.01,0,-0.01,0,-0.00981,0
0.0584942,-0.01,0,0,0,0,0,-0.01,0,0,0,0,0,0,-0.01,0,-0.01,0,-0.01,0
0.0596647,0,-0.01,0,-0.01,-0.01,-0.01,-0.01,-0.01,0,-0.01,0,-0.01,-0.01,0,0,0,0,0,0
0.0507356,0,-0.01,0,-0.01,0,-0.0099,-0.01,0,-0.0099,0,0,0,-0.01,-0.01,0,0,0,0,-0.01
0.0674678,0,0,0,0,-0.01,0,0,-0.01,0,-0.01,0,-0.01,0,-0.01,0,0,0,0,0
0.0267446,0,0,-0.0098561,0,-0.00997049,-0.009729,0,-0.01,-0.019,-0.00981,-0.01,0,-0.01,-0.0099,-0.01,0,-0.01,-0.01,-0.01
0.0134492,-0.01,-0.01,-0.01,-0.01,-0.0099,0,0,0,-0.01,-0.009729,0,-0.00977049,-0.00981,0,-0.01,-0.01,0,-0.0098561,-0.01
-0.00030864,-0.01,-0.01,-0.01,0,-0.01,-0.01,-0.01,-0.01,-0.01,-0.00972349,0,-0.01,-0.01,-0.00980706,-0.01,-0.01,0,-0.00964751,-0.01
0.0421576,-0.01,-0.01,-0.01,-0.01,-0.01,0,-0.019,-0.01,0,-0.019,-0.01,-0.01,-0.019,-0.01,0,0,-0.01,-0.01,-0.01
0.0496704,-0.00934868,-0.00953144,-0.00951381,-0.0096561,-0.0099,-0.00933368,-0.00959049,-0.00946243,0,-0.00943047,-0.01,-0.00981,-0.00937167,-0.01,-0.0094783,-0.009729,-0.00941515,-0.00938742,0
0.0704572,0,0,-0.01,0,0,0,0,0,0,0,0,0,0,0,-0.01,0,0,0,0
-0.00208419,-0.00981,-0.019,-0.01,-0.01,-0.00949381,-0.01,-0.0094009,-0.00943047,-0.00938742,0,-0.00936173,-0.01,-0.00954868,-0.009729,-0.009729,-0.01,-0.00944443,-0.01,-0.0099
0.0638269,0,0,0,-0.01,-0.01,-0.019,0,-0.01,0,0,-0.01,0,-0.01,0,0,0,-0.01,0,-0.01
0.156919,-0.01,0,0,0,0,0,0,0,0,-0.01,0,0,0,0,0,0,0,0,-0.01
0.159941,-0.01,0,0,0,-0.01,0,-0.01,0,0,0,0,0,0,0,0,0,0,0,0
0.0582962,0,0,0,0,0,0,0,-0.01,0,-0.01,-0.01,0,0,0,0,0,-0.01,0,0
-0.01,-0.01,-0.01,-0.00955421,-0.01,-0.00981,-0.00949299,-0.009729,-0.00943743,-0.0095557,-0.0096213,-0.0098561,-0.01,-0.00962167,-0.0096213,-0.0099,-0.009729,-0.009696,-0.00977049,-0.00969244
0.0612996,-0.01,0,-0.00972804,0,0,-0.01,-0.01,0,0,-0.01,0,0,0,-0.01,0,0,0,0,0
0.0707436,0,0,0,-0.01,-0.01,-0.01,0,-0.01,0,0,-0.01,0,0,-0.0099,-0.01,0,-0.01,-0.01,0
0.0624635,-0.00953144,0,0,-0.00959049,-0.01,0,0,0,0,-0.0096561,0,-0.009729,-0.00981,-0.0096783,-0.00961047,0,0,0,0
0.116616,0,0,0,0,0,0,0,0,0,0,-0.01,0,0,-0.00975906,0,-0.00942582,0,0,0
0.0628954,-0.01,0,-0.01,0,-0.01,0,0,-0.01,-0.01,0,0,0,-0.01,0,0,-0.019,-0.00959049,0,0
0.11994,0,-0.01,-0.01,-0.01,0,0,0,-0.01,0,-0.01,0,0,-0.01,-0.01,-0.01,0,0,0,0
0.0260948,0,0,-0.01,-0.01,-0.0091999,0,-0.01,0,-0.01,-0.01,-0.01,-0.009,-0.01,-0.0091999,-0.01,-0.018,-0.01,-0.01,0
0,0,-0.0186554,0,-0.01,0,0.0183825,-0.00972943,-0.01,-0.009891,-0.01,0,-0.01,0,-0.01,-0.01,0,-0.01,-0.01,-0.019
0.0212132,-0.01,0,-0.01,0,-0.01,-0.01,-0.01,0,-0.01,0,0,0,-0.01,-0.01,0,0,-0.01,-0.01,-0.01
0.0285541,-0.00972781,-0.01,0,0,-0.0098099,-0.01,-0.019,-0.01,0,-0.01,0,-0.019,-0.01,0,-0.00952281,-0.00958488,0,-0.0099,-0.00965302
0.0328984,0,0,-0.01,-0.01,-0.01,0,0,-0.01,-0.01,0,-0.0185877,0,0,0,0,0,-0.01,-0.01,0
0.0533053,-0.01,0,0,-0.0185905,0,0,-0.01,0,0,-0.01,0,0,0,0,-0.01,0,-0.01,0,-0.01
0.0554969,0,-0.01,0,-0.0099,-0.01,-0.0099,-0.01,0,0,-0.01,-0.01,-0.01,0,0,0,0,0,-0.01,0
-0.001,-0.01,-0.01,-0.01,0,-0.019,-0.01,-0.01,-0.019,-0.01,0,-0.01,-0.01,-0.01,-0.01,-0.01,-0.01,-0.01,0,-0.01
-0.0099,-0.0096561,-0.01,-0.01,-0.01,-0.00953144,-0.00938458,-0.009729,-0.0094783,-0.01,-0.01,-0.01,-0.00942946,-0.01,-0.00981,-0.00959049,-0.00933609,-0.01,-0.01,-0.01
0.0705577,-0.01,0,0,-0.01,0,0,-0.01,-0.01,0,0,-0.01,-0.01,-0.01,0,-0.01,0,0,-0.01,0
0.0192951,-0.01,0,0,-0.01,-0.01,-0.01,0,-0.01,-0.01,-0.01,0.0629927,-0.01,-0.01,-0.01,-0.01,-0.01,-0.01,-0.01,-0.01
0.049491,-0.01,-0.01,-0.01,0,0,-0.00959049,-0.00981,-0.0096561,-0.01,0,-0.0099,-0.01,-0.00953144,0,-0.01,-0.01,-0.01,0,-0.009729
0.0389681,0,0,0,-0.01,0,0,-0.01,0,0,0,-0.01,0,-0.01,-0.01,-0.01,-0.01,0,0,0
0.0377202,-0.0178616,0,0,0,-0.0183289,-0.01,-0.0097262,-0.00940104,-0.00951034,0,0,-0.0099,-0.00931107,-0.01,-0.01,-0.00957352,-0.00958231,-0.009809,-0.00971993
0.0271,-0.01,-0.01,-0.01,0,-0.01,0,0,-0.01,0,0,-0.01,-0.01,0.0482049,-0.01,-0.01,0.055334,-0.01,-0.01,-0.01
-0.0186551,0,-0.01,-0.01,-0.01,0,-0.01,-0.01,-0.01,0.0316686,-0.01,-0.01,-0.01,-0.01,-0.01,-0.01,-0.01,-0.01,-0.01,-0.01
0.0112662,0,-0.0185237,-0.01,-0.01,-0.01,-0.01,0,-0.01,0,-0.01,-0.01,-0.00918997,0,-0.0093659,-0.00899387,0,-0.01,-0.01,-0.01
0,-0.00981,-0.00950194,0,0,-0.01,-0.00131758,-0.0099,0,-0.00959049,-0.00938812,-0.01,-0.00943047,-0.009729,-0.00953144,-0.0096561,-0.00939604,-0.0094783,-0.00944652,-0.00934302
0.0647924,0,0,0,0,0,0,0,0,0,0,0,0,-0.01,0,0,0,0,0,0
0.0502491,0,0,-0.01,0,0,0,-0.01,0,-0.00987852,0,-0.01,0,-0.01,0,-0.01,-0.01,-0.01,-0.01,-0.01
0.0803707,-0.01,-0.00935336,-0.0091908,0,-0.01,0,0,-0.00753782,-0.01,0,0,0,0,0,-0.00840232,0,-0.009,0,0
0,0,0.0851499,0,0,0,-0.01,0,0,0,0,0,0,0,0,0.0833189,0,0,0,-0.01
0,0,0,0,0,-0.01,0.19176,0,0,0,0,0,0,0,0,0,0,0,0,0
0,0,0,-0.01,0,0,0,0,0,0,0,0,0,0,0.0637794,0,0,0,0.266116,0
0,0,0,0,0,0,-0.01,0,0.0141502,0,0,0.303991,0,0,0,0,0,0,0,0
0.346949,0,0,0,-0.01,0,-0.01,0,0,0,0,0,0,0,0,0,-0.01,0,0,0
0.275931,0,-0.01,0,-0.01,-0.00951812,-0.01,-0.00918869,0,-0.01,0,0,0,0,0,-0.00899929,-0.00176188,0,0,0
0,0,0.28207,-0.00892832,-0.00917774,-0.01,-0.00981,0,-0.00892924,-0.0089361,0,-0.0099,-0.000132301,0,-0.0173879,0,0,0,0,0
0.317472,0,0,0,0,0,0,0,0,0,0,0,0,0,0,0,0,0,0,0
-0.00972171,0.0874241,-0.0098019,-0.01,0,0,-0.01,0,0,0,-0.00433062,-0.00964954,-0.01,0.152087,-0.009891,0,0,0,-0.01,0
0.270003,0,0,0,-0.01,0,0,-0.01,-0.01,-0.01,-0.01,0,-0.01,-0.01,-0.01,0,0,0,-0.01,-0.01
-0.01,-0.01,-0.01,-0.00999,-0.01,-0.01,-0.01,0.0922375,-0.01,-0.01,-0.01,-0.01,-0.01,-0.01,-0.019,-0.01,-0.01,-0.01,-0.01,-0.0174425
-0.0091,0,0,-0.0185748,0,0,-0.00989791,-0.019,-0.00950725,-0.00972089,-0.01,0,0.0361548,-0.01,-0.00980516,-0.01,-0.01,-0.01,-0.01,-0.00964435
0.118477,0,-0.01,-0.01,0,-0.01,-0.00989,-0.009791,0,-0.01,-0.01,-0.01,0,0,-0.01,-0.01,0,0,-0.01,0
0.048144,-0.01,0.0341937,0,-0.01,0,-0.009,0,-0.009,-0.009,0,0,-0.0171,-0.009,0,0,0,-0.009,0,0
0.0633621,0,0,0,0,0.0458,0,-0.01,0,0,0,0,0,0,0,0,0,0,0,0
-0.0113667,-0.0098981,-0.0092,-0.01,-0.00898067,-0.00971592,-0.00876982,-0.01,-0.00980558,-0.00873714,-0.009,-0.01,-0.01,-0.009,-0.00938,-0.01,0,-0.009542,-0.01,-0.00898565
0.10174,-0.00434062,0,0,-0.01,-0.01,0,0,0,-0.019,0,0,-0.0099,-0.01,0,0,0,0,0,0
0.00170928,-0.0096561,-0.01,-0.01,-0.01,-0.01,-0.00973144,-0.019,-0.01,-0.01,-0.01,-0.01,-0.01,-0.0099,-0.009729,-0.01,-0.01,-0.00981,-0.01,-0.01
0.040566,0,-0.01,0,-0.01,-0.01,-0.01,-0.01,-0.01,-0.01,-0.01,-0.01,-0.01,-0.01,-0.01,0,0,0,-0.01,-0.01
-0.01,-0.01,-0.01,-0.01,-0.01,-0.018767,-0.01,-0.01,-0.01,-0.01,-0.01,-0.01,-0.01,-0.01,-0.01,-0.01,-0.01,-0.01,-0.018558,-0.01
0.022772,-0.01,-0.01,-0.01,-0.01,-0.01,-0.01,-0.01,-0.01,-0.01,-0.01,-0.01,-0.01,-0.01,-0.01,0,-0.01,0,-0.01,-0.01
-0.0099,-0.00954947,-0.00961052,-0.00949452,-0.00981,-0.01,-0.00950682,-0.00945613,-0.00977247,-0.0096257,-0.00959049,-0.00956313,-0.009729,-0.0096561,-0.00973144,-0.0178133,-0.01,-0.0098583,-0.018016,-0.00969522
0.0539416,0,0,0,0,0,0,0,0,-0.01,0,0,0,0,0,0,0,0,0,0
0.0468559,-0.01,0,-0.01,-0.01,0,-0.01,-0.01,-0.01,-0.01,-0.01,-0.01,-0.01,-0.01,-0.01,-0.01,-0.01,-0.01,0,-0.01
-0.019,-0.01,-0.01,-0.01,-0.01,-0.01,-0.01,-0.019,-0.01,-0.01,-0.01,-0.01,-0.01,-0.01,-0.01,-0.01,-0.01,-0.01,-0.01,-0.01
0.01,-0.01,-0.01,-0.01,-0.01,-0.01,-0.019,-0.01,0,-0.01,-0.01,-0.01,-0.01,-0.0189,-0.01,-0.01,-0.01,-0.019,-0.01,-0.01
-0.001,-0.01,-0.01,-0.01,0,-0.01,-0.01,-0.01,-0.019,-0.01,-0.01,-0.019,-0.01,-0.01,-0.01,-0.019,0,-0.01,-0.01,-0.01
-0.01,-0.01,-0.01,-0.01,-0.01,-0.01,-0.019,-0.01,-0.019,-0.01,-0.01,-0.01,-0.01,-0.01,-0.01,-0.01,-0.01,-0.01,-0.01,-0.01
-0.01,-0.01,-0.01,-0.019,-0.01,-0.01,-0.01,-0.01,-0.01,-0.019,-0.01,-0.01,-0.01,-0.01,-0.01,0,-0.01,-0.01,-0.01,-0.019
-0.01,-0.01,-0.01,-0.01,-0.019,-0.01,-0.01,-0.01,-0.0271,-0.01,0,-0.01,-0.01,-0.01,-0.01,-0.01,-0.01,-0.01,-0.01,-0.01
-0.01,-0.01,-0.01,-0.01,-0.01,-0.01,-0.01,-0.01,-0.019,-0.01,-0.01,-0.01,0,-0.01,-0.01,-0.0271,-0.01,-0.01,-0.01,-0.01
-0.01,-0.01,0,-0.01,-0.01,-0.01,-0.01,-0.019,-0.019,-0.01,-0.01,-0.01,-0.01,-0.01,-0.01,-0.01,-0.01,-0.019,-0.01,-0.01
-0.01,-0.01,-0.01,-0.01,-0.01,-0.01,-0.019,-0.01,-0.01,-0.01,-0.0099,-0.01,-0.01,-0.01,-0.01,-0.01,-0.01,-0.0189,-0.01,-0.01
-0.001,-0.01,-0.01,-0.01,-0.019,-0.019,-0.01,-0.01,-0.01,-0.019,-0.019,-0.01,-0.01,0,-0.01,-0.01,0,-0.01,0,-0.01
-0.01,-0.01,-0.01,-0.019,-0.01,-0.019,-0.01,-0.01,-0.01,-0.01,-0.01,-0.01,-0.01,-0.01,-0.01,-0.01,-0.01,-0.01,0,-0.019
-0.040755,-0.01,0,-0.01,-0.01,-0.01,0,-0.01,-0.01,-0.01,-0.01,-0.01,-0.01,-0.01,-0.01,0,-0.01891,-0.01,-0.01,-0.01
-0.00361,-0.01,0,-0.01,-0.01,-0.010094,-0.01,-0.01,-0.01,-0.01,-0.0100944,-0.01,-0.01,-0.01,-0.01,-0.01,-0.019,-0.01,-0.01,0
-0.01,-0.0099,-0.00949371,-0.00981,-0.00954857,-0.01,-0.018163,-0.0179638,-0.0098361,-0.00955991,-0.009929,-0.00975249,-0.00944434,-0.01,-0.00960952,-0.00949371,-0.01,-0.01,-0.01,-0.01
0.0391823,0,0,0,-0.01,-0.01,0,-0.01,0,-0.01,0,0,0,0,-0.0099,0,0,0,-0.01,-0.01
-0.0270511,-0.0098181,-0.01,-0.00969876,0,-0.01,-0.009909,-0.01,-0.01,-0.01,-0.01,-0.00962888,0,-0.01,-0.00950939,-0.0099,-0.00977639,-0.00986266,-0.00956599,-0.01
0.0540588,0,0,0,0,0,0,-0.01,-0.01,0,0,-0.01,0,-0.019,0,0,-0.019,-0.019,-0.01,0
-0.01,-0.01,-0.01,-0.019,-0.01,-0.01,-0.01,-0.01,-0.01,-0.01,-0.01,-0.01,-0.01,-0.01,-0.01,-0.01,-0.01,-0.01,-0.01,-0.01
-0.01,-0.01,-0.01,-0.01,-0.01,-0.01,-0.01,-0.01,-0.0100973,-0.019,-0.01,-0.01,-0.01,-0.01,-0.01,-0.01,-0.01,-0.01,-0.01,-0.01
-0.01,-0.0184112,-0.01,-0.01,-0.01,-0.01,-0.01,-0.01,-0.01,-0.01,-0.00981,-0.01,-0.01,-0.01,-0.01,-0.01,-0.01,-0.0099,-0.01,-0.01
0.0412321,-0.01,-0.01,-0.019,-0.01,-0.01,-0.01,0,0,-0.01,-0.01,-0.01,-0.01,-0.01,-0.01,0,-0.01,0,-0.01,-0.01
0.0273975,-0.01,-0.01,-0.01,-0.01,-0.01,-0.01,-0.01,-0.01,0,-0.01,-0.01,-0.01,-0.01,-0.01,-0.01,-0.01,-0.01,-0.01,-0.01
0.0288686,-0.009729,-0.00943047,-0.0099,-0.00959049,-0.0094783,-0.01,-0.01,0,-0.0096561,-0.01,-0.01,-0.01,-0.01,-0.01,-0.01,-0.01,-0.01,-0.00981,-0.00953144
0.071757,0,-0.0099,-0.01,-0.01,-0.01,0,-0.01,-0.01,-0.01,0,0,0,0,0,0,-0.01,0,-0.01,0
-0.0109,-0.01,0,-0.01,-0.01,-0.019,-0.01,-0.01,-0.01,-0.01,0,-0.01,-0.01,-0.01,-0.01,-0.019,-0.01,-0.01,-0.01,0
0,-0.01,-0.01,-0.01,-0.01,-0.01,-0.01,-0.01,0,-0.019,-0.01,-0.01,-0.019,-0.019,0,-0.01,-0.01,-0.019,-0.01,-0.01
-0.01,-0.01,-0.01,-0.01,-0.01,-0.01,-0.01,-0.01,-0.01,-0.01,-0.019,-0.019,-0.01,-0.01,0,-0.01,-0.01,-0.01,-0.01,-0.01
-0.01,-0.01,-0.01,-0.01,-0.01,-0.01,-0.01,-0.01,-0.01,-0.01,-0.01,-0.01,-0.01,-0.01,-0.01,-0.019,-0.01,-0.01,-0.01,-0.01
-0.01,-0.01,-0.019,-0.01,-0.019,-0.01,-0.01,-0.01,0,-0.01,-0.01,-0.01,-0.01,-0.01,-0.0101,-0.01,-0.01,-0.01,-0.01,-0.01
-0.01,-0.01,-0.01,-0.01,-0.01,-0.01,-0.01,-0.01,-0.01,-0.01,-0.01,-0.01,-0.01,-0.01,-0.01,-0.019,-0.01,-0.01,-0.01,-0.01
-0.01,-0.01,-0.01,-0.01,-0.01,-0.01,-0.019,-0.01,-0.01,-0.019,-0.01,-0.01,-0.01,-0.01,-0.01,0,-0.01,-0.01,-0.01,-0.01
-0.01,-0.019,-0.01,-0.01,-0.01,-0.01,-0.01,-0.01,0,-0.01,-0.019,-0.01,-0.01,-0.01,0,-0.0271,0,-0.01,-0.01,-0.01
-0.01,-0.019,-0.01,-0.01,-0.01,-0.019,-0.01,-0.01,-0.01,-0.01,-0.01,-0.01,-0.01,-0.01,-0.01,-0.01,0,0,-0.019,-0.01
-0.0189,-0.01,0,-0.01,-0.01,-0.01,-0.01,-0.01,-0.01,-0.0271,-0.019,-0.01,-0.01,0,-0.01,-0.01,0,-0.01,-0.01,-0.01
-0.001,-0.00989389,-0.01,-0.01,-0.01,-0.01,-0.01,-0.01,0,-0.01,-0.01,-0.01,-0.009798,-0.01,-0.00971135,-0.01,-0.01,-0.01,-0.019,-0.01
0.0288654,-0.00973144,-0.01,-0.01,-0.0179739,-0.01,0,0,-0.00959049,-0.0096583,-0.01,-0.0096583,-0.0184195,-0.00959247,-0.009729,-0.00953322,-0.00943191,0,-0.0094799,-0.0099
0.0544962,-0.01,0,0,-0.01,-0.01,0,0,0,0,0,-0.01,0,0,0,0,0,-0.01,0,0
-0.019,-0.01,-0.01,-0.01,-0.01,-0.01,-0.01,-0.01,-0.01,-0.01,-0.01,-0.01,-0.01,-0.01,-0.01,-0.01,-0.01,-0.01,-0.01,-0.01
-0.0183273,-0.00981,-0.00953226,-0.01,-0.01,-0.01,-0.009729,-0.00979049,-0.0096561,-0.00971144,-0.00966155,-0.01,-0.00957527,-0.01,-0.01,-0.01,-0.00959395,-0.01,-0.0099,-0.0096403
0.0522029,-0.01,-0.01,-0.01,0,0,-0.01,-0.01,0,0,0,0,-0.01,0,0,-0.01,0,0,-0.01,0
0.0106559,0,-0.01,-0.01,-0.01,-0.01,-0.01,-0.01,-0.01,0,-0.01,-0.01,-0.01,0,-0.019,0,-0.01,0,-0.01,0
